18 21 22 24 26 29 28
9 11 14 17 18 21 21
48 51 54 56 60
6 8 10 11 16
75 76 79 82 80 83
37 39 39 42 43
70 68 71 73 76 77 78 80
57 54 53 55 52
88 87 91 93 94
71 71 74 75 77
54 58 61 64 66 69 71 74
45 52 55 56 59 60 63
67 72 70 71 74 75 77 80
41 38 35 34 32 31 28 29
84 81 80 78 77 77
56 54 51 49 48 47 43
65 62 60 59 56 53 46
60 58 56 56 54 52 51 49
65 62 59 58 56 55 51 53
55 56 55 53 51 50
82 85 84 87 90
91 91 90 89 86 83 80
94 90 88 85 84 81
75 69 68 66 65 62 60 58
60 61 63 64 67 64
20 23 25 27 28 28
62 63 65 67 70 72 76
83 86 89 92 93 99
14 16 17 16 18 21 23
69 72 73 74 77 79 79 80
62 60 62 63 66
24 24 25 26 29 32 35
68 72 75 77 80 83 84 87
27 31 30 32 33 35
60 67 70 73 76 78 80
60 58 56 53 51 52
26 23 22 20 18 17 17
50 48 46 43 41 40 36
99 96 95 92 86
23 21 19 20 19 17 14 13
79 77 75 73 71 72 68
16 13 11 8 5 5 4 1
44 43 40 38 33 36
12 15 12 11 8 7 5 4
46 48 43 41 38
99 99 96 93 91
34 30 28 26 24 23 22
51 45 44 43 42 39 36
95 90 93 91 88 87 85 82
14 11 8 8 6
79 80 82 83 85 86 87 91
63 63 62 59 56 55
67 68 71 71 73 76
52 49 51 54 56
64 61 59 56 54 52 49 48
55 53 50 49 47 46 45 44
55 53 51 48 46 45 42
65 67 70 72 74 75
88 91 92 93 95 97 98
99 96 95 93 92 91
1 3 6 9 11
73 72 70 68 66 64
40 42 45 46 49
56 57 59 60 62 65 67
64 62 60 59 57 54 51 49
23 22 21 18 15 14 12
8 10 12 14 17 20
21 20 18 15 13 10 9
26 28 29 32 33 36 39
21 20 17 15 14 11 10
32 30 29 27 25 24
27 30 32 34 37 39
29 31 33 35 37 39 42 45
41 44 46 47 50 51 52 55
19 18 16 15 13
56 55 52 49 47
62 64 65 68 70 71 72 73
63 64 66 69 72
41 39 38 36 35
9 12 15 17 19 21
18 21 24 26 27 28
81 82 84 87 88 91 92 93
31 34 36 37 40 41 42 45
31 29 27 25 23 20 19
67 70 72 74 75 76
65 63 60 57 54 52 51
38 35 34 33 30 29 27
60 61 62 64 66 68 69
75 74 71 69 67
37 35 34 33 32
37 38 40 42 45 48 50
76 77 80 82 84
58 61 63 64 65 67 69
83 80 78 76 75
11 8 7 6 3 2
55 58 59 61 63 65 66 69
77 79 80 81 83
28 30 33 34 35 36 39
78 76 74 72 71
85 88 90 91 94
46 44 41 40 38 36 33
32 35 37 40 41 43 46 49
37 38 41 42 43
30 33 34 36 37 39 40 41
35 32 29 26 23 22
85 86 87 89 90 93 95
82 83 84 86 88 90
25 24 22 21 19 17
74 71 68 67 66 63
27 29 30 31 32 34 35 37
16 19 21 23 26 28 31
76 77 79 80 83
86 84 82 80 78
31 32 35 37 39 41 43 45
95 92 90 87 84 81 79 77
34 31 28 27 26 23 20 18
9 8 5 3 1
55 52 51 50 47 44 41 39
10 12 15 18 19
21 20 17 16 13 10
50 53 56 58 61 63 66 69
96 95 94 91 88 87
71 69 67 65 64
28 29 31 33 35
13 15 18 19 22
71 68 66 63 62 61 58
57 54 51 50 47 45 44 42
84 81 79 77 76 73 71 69
40 43 44 46 48
17 20 22 24 25 26
31 33 36 38 41 44 47 49
13 16 19 20 22 25 28 30
71 69 68 67 65 63
49 52 54 57 60 63 66
63 61 59 57 56 55
87 90 93 96 97 98
75 77 78 80 82 85
19 20 22 24 27
42 43 46 47 49 52
9 6 5 3 2 1
77 74 71 68 65 64 63 62
15 13 12 10 7
20 18 15 14 12 11 9
68 66 64 61 60 58
3 5 8 11 12 14 16
26 24 23 20 17 15 13
49 51 53 54 57 58
15 16 19 21 23 25 26 29
44 47 48 51 52 54 55 56
72 74 76 77 79 80 83
13 12 10 8 7 4 3
5 7 9 11 12
65 62 60 57 54 52 50 47
43 45 46 49 50 51 53 56
88 90 92 94 96
70 71 74 77 78 81 82
11 10 9 6 3 2
51 53 56 59 61 62 64 66
24 25 27 30 33
18 15 14 12 11 10 8 6
31 34 35 36 39 42 43 46
82 85 88 89 91 94 95
67 69 72 73 74
5 8 10 11 12 13
45 43 40 37 36 34 33
50 52 53 54 55
13 12 11 8 7 5
24 26 29 32 35 37
40 37 34 31 28
41 44 47 50 51
49 52 55 58 60 62 63
57 56 54 53 52 50 49
10 7 4 3 2
14 11 9 8 6 4 3
44 42 39 37 36 34
51 53 54 57 58 60 62
53 52 50 48 46 44 43 41
46 44 43 42 40
68 65 63 62 59 57 55
49 51 52 54 56 57
52 50 48 47 45 44 41
73 72 69 66 65
79 82 84 87 89 91 94
39 41 42 44 45 46 49 50
85 82 79 77 76
47 45 42 41 40 39 36 34
35 33 32 30 29 28 27
66 69 70 72 73 74 76 77
29 26 25 23 21
87 86 83 82 80 77 74 71
51 54 57 60 61 63 66
95 94 91 89 87 84 82 80
66 64 61 59 56 54 51 48
49 51 54 56 58
34 36 37 38 39 41
20 23 25 28 29 30 32 34
36 34 32 29 27 26 25 22
27 24 22 21 18 15 12
54 55 56 58 60 62 63 65
88 87 84 82 79 76 73
49 51 54 57 59 60 62
65 64 61 58 57 55 52
18 19 20 22 24 27 30
44 42 39 36 33
80 81 83 85 88 89 90
72 70 67 64 62 60
45 47 50 52 54 57 59 62
19 22 23 26 29 30 33 34
69 71 72 75 76 77 80
36 33 31 30 29 28 26 25
19 16 13 11 9 7
34 32 30 27 24 23
23 20 18 17 14 11
90 91 94 95 98
24 23 21 20 17 14
4 7 9 11 14 17
9 10 12 13 15 18
52 50 49 47 44 42 39
20 23 24 26 27 28 29 31
68 65 62 59 56 54 53 52
76 73 70 67 64 61 59
99 98 97 94 93 92 90 89
32 29 26 25 24
79 81 83 86 89 90 93 95
50 48 46 45 43 41 38
38 39 41 43 46 48
4 6 8 10 13 14
20 17 16 15 12 10 8
35 32 31 30 27 24
71 68 66 63 61 60 57
69 72 74 77 79
46 49 52 55 57 59 62
24 22 21 19 18
31 29 28 26 24
58 60 61 64 66
76 75 74 73 72 69 67 64
36 39 41 42 43 46 47 50
14 11 9 7 6 3
2 3 4 5 8 10
73 72 69 67 65 63 61 59
31 29 27 25 22 21 19
67 65 62 60 59 57 55
32 35 37 38 39
24 23 20 17 16 15 13 12
60 61 62 65 66
51 52 54 55 58
75 72 70 68 66 64 62
22 25 26 27 28 30 32 35
95 94 91 88 86 84
55 57 59 60 63 64
70 69 68 66 63 62
21 22 25 26 28 31 33
11 14 17 19 22 23 26
72 75 77 79 80 82 85
32 29 26 24 23
38 39 40 41 42 43 46 49
26 24 21 20 17 16 14 13
65 64 63 62 60
72 69 68 67 64 63 62
32 34 37 38 41
15 12 11 8 7 6 4 3
26 28 31 33 34 36 38 41
75 76 79 81 84 85 86
69 72 75 76 79 81 84
51 53 54 56 59 61
88 91 93 95 97 98
57 56 53 51 49
62 59 57 56 53 51 50 47
84 87 89 90 91 94
69 72 74 77 78 80 81
15 17 19 22 23 25 26
6 8 11 12 13 16
44 42 40 39 37 35 34
3 6 9 10 11 12
20 19 18 17 14 11 10 9
26 23 21 19 16
90 91 93 94 97
74 72 70 68 67 65 63
61 60 57 54 52
69 66 65 63 62
30 29 27 26 23 20 18
27 28 31 32 35
51 52 53 56 59 62 65 68
85 82 81 80 78 77 74 73
37 34 33 32 30 29 28
86 87 88 91 92 95 96
72 71 69 68 66 64
43 46 47 49 52 53 56 59
87 84 83 81 78 76 75 73
2 5 8 10 13 16 19 22
75 74 71 69 67 64 61 58
62 63 66 69 71
23 21 18 16 13
75 72 71 68 66 63 61 58
61 58 55 52 50 48 45
13 10 7 5 2 1
81 82 83 84 86 89 92 94
46 43 42 41 38 37
18 16 15 14 11 9
35 33 31 30 29
7 9 10 11 13 15
33 35 38 41 42 45 46 49
85 87 88 90 92
71 68 66 65 64
21 23 25 28 29 32 33 35
28 25 23 22 20 17
16 15 12 11 8 6 5 4
97 96 93 92 89 86 85 82
28 26 23 22 21 20 18 15
44 45 46 47 48
45 43 42 40 39 38 37
39 40 41 44 47 49
58 57 56 54 52
75 76 77 78 79 82 85
57 60 62 65 68
22 23 24 26 28 30 32 35
51 52 53 55 57 58 60 63
57 54 51 48 45 42 41 39
84 83 82 81 78 75 74 73
99 98 95 93 92 90
42 39 36 33 31 29 27
94 92 89 87 84 81 80 79
23 26 28 30 31 32 33 34
24 23 22 19 18 16 14 11
64 62 61 58 56 53 51
35 38 40 42 43
43 46 47 48 50 53 55 58
59 57 56 54 53 51
40 42 43 45 48 50 53
97 96 94 92 89 87
74 72 69 66 63
64 66 68 69 72 75 78 81
41 44 45 46 48 50 53 55
54 53 51 49 47 44 43 40
20 18 17 14 12 11
10 9 8 5 4 1
74 73 71 70 67 66
26 24 23 21 19 16 15
86 87 90 92 94
87 84 82 79 78
8 6 4 2 1
57 60 61 64 67
19 22 24 26 28
2 5 8 11 14 15 18
77 74 71 68 66
2 3 4 5 6 9 12 14
92 90 88 86 84 81 79
12 9 7 6 5
9 12 13 14 16
58 60 61 64 66 68 69 72
84 86 87 89 90
83 85 88 89 90 93 95
89 86 84 81 80 77
80 83 84 85 87
65 62 60 57 56
70 68 67 64 62 59 56
54 51 49 47 44 42 40 37
16 15 13 11 8
66 65 62 60 58 56
71 70 69 66 64 61
55 57 59 60 62
7 9 12 15 18
52 50 47 44 41 38 36 34
11 14 17 19 21
27 25 22 21 19 17 15 14
68 65 63 60 57 55 54
58 57 56 53 51 50
62 60 58 57 55
52 53 56 57 58 59 60
67 70 71 72 74 76 77 79
79 76 73 72 69 67 65
12 15 16 19 21 24 26
69 66 64 63 61
50 48 47 45 44 42 40 38
21 19 17 15 12 11
32 30 27 26 25 23 21 19
37 35 32 30 29 27
41 43 46 49 51 52 53 55
20 23 25 27 30 32
87 85 84 82 80 78 75 74
26 28 30 31 34 37 39 42
82 81 80 77 75
35 33 30 27 25 24 21 20
45 46 49 50 53
59 57 55 52 49 48 47
92 89 87 86 83 80 77 75
94 91 88 86 85 83
50 49 47 45 42 39 38 36
65 62 60 57 55 54 52
63 64 65 68 70 72 73 76
27 24 22 20 17 14 13
28 25 23 21 20
28 31 34 35 38 41 44 46
44 46 48 51 53 54 57 60
24 21 19 18 15 13
67 65 62 60 57
10 8 7 4 2
50 49 47 45 44
62 64 67 70 71 72
64 67 69 72 73 75 77
23 26 27 28 29 32
30 27 24 23 21 18 16
87 90 91 92 93 94 96
5 7 10 13 15
38 35 32 30 28 27 26
74 77 79 80 82
66 64 63 60 57 56 55
87 84 83 82 81 78 77
85 87 90 93 95 96 98
20 22 25 27 29 31
40 38 35 32 31 30 29 27
14 11 9 6 3
87 85 83 80 77 74 73 70
95 92 91 88 85 83 82 79
41 42 44 45 46 48 51 53
40 39 36 33 32 31 29
27 26 23 22 21
89 87 86 83 82 80 77
66 63 62 61 60
29 27 26 23 21 18
24 26 29 31 32 34 37 39
29 31 33 36 38 39 42 43
15 18 19 22 25 28 31 32
16 17 20 22 23 25 27 30
33 30 29 26 23 21
57 59 62 63 65
17 14 13 12 10 7 4
40 37 36 33 31 28 25 24
70 69 67 66 63 61
47 48 51 52 55
10 9 6 4 2
63 65 66 69 72 74 77 80
30 29 26 23 20 17 16 14
91 88 85 84 81 78 75 72
80 78 76 74 72
94 96 97 98 99
35 33 32 29 27 26 24
11 14 17 19 20 22 25 28
58 60 63 64 66 67
83 80 78 76 75 73
54 52 49 48 47 45
57 56 54 52 51 49 47
58 60 62 65 68
46 44 41 39 37
16 17 18 19 20
77 78 79 82 85
49 47 44 43 41
93 94 95 97 98
87 86 83 81 80 78 77 76
50 51 53 55 58
97 94 91 88 87 86
2 5 8 11 13 14 15
20 21 23 26 28
95 94 91 89 87 86 84
25 22 20 18 17 14 12
70 67 65 62 59 57 56
71 72 75 76 79 81 82
15 18 21 22 25 27
39 41 42 43 46 48 51
46 48 51 52 53 55
35 38 40 43 45
56 58 60 61 63 66 69
37 35 33 32 31 29 26
40 43 44 47 49 51
64 62 61 58 56
